labels 2 5 6 7 3 1
2 0.648397 0.0246552 0.00259787 0.0221328 0.0457018 0.256515
1 0.201594 0.00523812 0.00531692 0.0212598 0.110014 0.656577
2 0.59498 0.0269723 0.0100158 0.119159 0.0795248 0.169349
2 0.514203 0.0184198 0.0131038 0.149205 0.0775278 0.22754
2 0.502205 0.0232943 0.00576443 0.0729893 0.0730856 0.322662
2 0.525152 0.00356095 0.00305497 0.0193686 0.0717906 0.377073
2 0.661996 0.0172472 0.00317969 0.0479283 0.0607364 0.208913
2 0.699185 0.0325391 0.00975862 0.0762939 0.0743123 0.107911
2 0.472091 0.0164599 0.00775375 0.335514 0.0630239 0.105157
2 0.706247 0.0515287 0.00748156 0.0449933 0.0517618 0.137987
1 0.386951 0.0145161 0.00474718 0.0719436 0.08115 0.440693
2 0.445421 0.117792 0.029819 0.166899 0.100425 0.139644
2 0.662323 0.0173371 0.00221564 0.0237546 0.0531155 0.241254
2 0.635079 0.0912023 0.0792478 0.0326716 0.0652907 0.0965089
2 0.897825 0.0374578 0.0144209 0.0059186 0.0336379 0.0107394
2 0.607951 0.0142056 0.00868902 0.117722 0.0769668 0.174465
7 0.0629677 0.0526026 0.125135 0.493476 0.0966591 0.16916
7 0.00127099 0.0475327 0.00784753 0.942935 0.000188314 0.000225288
2 0.580393 0.0539857 0.0172991 0.175889 0.0739947 0.0984383
2 0.627999 0.0318055 0.00984779 0.111293 0.076736 0.142318
2 0.538791 0.0479382 0.0126836 0.1414 0.0733243 0.185863
2 0.383596 0.312594 0.149831 0.0977184 0.034431 0.0218284
2 0.604727 0.0623995 0.0097931 0.0642344 0.0577813 0.201065
2 0.594975 0.0422155 0.0113339 0.109993 0.0723862 0.169096
1 0.0626121 0.00219867 0.00515224 0.0196394 0.13388 0.776517
2 0.629496 0.0474065 0.0146565 0.161172 0.0713546 0.0759141
2 0.511621 0.0228224 0.00540845 0.0621747 0.0735715 0.324402
2 0.56347 0.0432738 0.0150884 0.150067 0.0756149 0.152486
7 0.000944623 0.0391517 0.00735685 0.951858 0.000235393 0.000453322
2 0.498253 0.0365398 0.0140035 0.144495 0.0774998 0.229208
2 0.432928 0.117572 0.0280004 0.205383 0.0890962 0.127021
1 0.367984 0.0101475 0.00647873 0.0696704 0.0919985 0.453721
5 0.0859065 0.71818 0.0256276 0.0644397 0.0200334 0.0858126
2 0.656812 0.0607359 0.00849865 0.0593781 0.0526672 0.161908
1 0.18917 0.00220932 0.00667506 0.0214249 0.136925 0.643596
2 0.542542 0.054727 0.0134232 0.175137 0.0658073 0.148363
2 0.532974 0.31252 0.0245917 0.0495808 0.0402187 0.0401145
2 0.443708 0.037062 0.00406003 0.03337 0.0580423 0.423758
2 0.636408 0.0826861 0.0157532 0.0839048 0.063709 0.117539
5 0.328324 0.344798 0.13401 0.155924 0.0197162 0.0172273
7 0.00585778 0.0710371 0.0234678 0.894948 0.00288241 0.00180669
2 0.687067 0.178395 0.0572567 0.0390197 0.0287849 0.00947614
1 0.225218 0.0145828 0.0141175 0.020842 0.145119 0.58012
1 0.144851 0.0045292 0.00450435 0.0183304 0.121181 0.706605
5 0.300952 0.32655 0.0521812 0.174212 0.066074 0.0800304
1 0.361126 0.00852596 0.002432 0.0273068 0.0899311 0.510678
2 0.503235 0.0283675 0.00454886 0.0461129 0.0783714 0.339365
1 0.301741 0.0114874 0.00368055 0.0509289 0.085321 0.546841
7 0.0013556 0.0593658 0.00920894 0.929481 0.000269461 0.00031965
1 0.197877 0.00456385 0.00380653 0.0364496 0.0818739 0.675429
7 0.0278197 0.0261246 0.0064643 0.932078 0.00366384 0.0038495
2 0.632732 0.0541785 0.0106258 0.0941015 0.0655089 0.142853
2 0.536056 0.0314041 0.0589276 0.096996 0.0967535 0.179863
2 0.381203 0.0618362 0.122732 0.229603 0.102459 0.102166
7 0.0482035 0.0505461 0.0246657 0.841138 0.0175027 0.0179439
1 0.0626121 0.00219867 0.00515224 0.0196394 0.13388 0.776517
1 0.34916 0.00579849 0.0100926 0.047005 0.102442 0.485502
1 0.303049 0.0122548 0.00419457 0.0556522 0.0870575 0.537792
7 0.00329247 0.0496574 0.0214812 0.921551 0.00221935 0.00179884
5 0.124233 0.452126 0.131309 0.235358 0.0223936 0.0345796
